11564781896914148757833022146536 9279445984769009216460584199967307269769548800
13610168661288511245805938568936 13292065785317542057069922278354970291980896000
17195040106233868961688430259176 34505137999121906833368000532948223471850055680
14915026671083788039537822858216 20241441756677887643958900632041323903106037760
23966976528208312922044740520936 83351213030736298865386712654139327398491392000
12945974138531074082160908892136 10597014370097350895243636118403696763898854400
312906744539964696929522757544936 5523153680502079484934181772968831169518857984000
45970422574195437498542420560936 284290535291607663214115568101905146779372088000
-20573213449536919219624352474264 60978852088863874339749369308475225817426473600
1775942622300261741126273740008 52675744995110870761661053817410200051358702848
-3918260075617078723010518999064 71898787376836297561473575892633586060138368000
20739577140848712998265845047336 59124294304025222349762776566279877269888891200
-17876684094748586008268718448664 74485271142731653596381674350550642958597196800
14425623340443701929802091880936 17469157335853643485484637990825770123115072000
64606978307141270930755972648936 495271056739778776179137581352917582465950336000
14294737423775065551849451479016 16755737240926009693561802044338174293933552640
-3037504199755432665745966576664 69433369083665574529807993538967828741650380800
-21312234879743544728424012477464 55364705179035959753388604715395268985782323200
21521073899581509422332158778216 64845281920240222260674845959936817499007077760
68276933949700392355760812993936 540669418182362461987873497743687503967105079000
20861730169613723032992203135176 60012125969637755709103857280635659346153652320
11355768712184096159054769728488 9698770247716733827322118588452204655635392512
972587529581528063785465619232616/81 6493002177285819410882071323251994112123229958400/729
10232916067358044599325040323048 13652787166640650188016109311111661002237420032
9445015771622403243910226690536 17260027169948429035406580336888914016616819200
10713248310579726732457759624936 11701778888166382207180530047513821378140576000
13517588339708923640339410415608 12867953338876621481473581215717307942337245648
14529630923483995671649965422056 18045239496301620945456190533480624077139125760
9715113053110087838172175720936 15986600188884838564406951553982780598851008000
