-8496600365017524293168549852 2078835936415188295643759071041951862742400
9338039464138807027539018148 150976033563965091486410671229456562470400
-6686944216249476255516154652 2013675018089147615523839328454297492238400
8556521040556626665971928548 293116073371526390140412234170196352148800
6138827057868482895541909348 683436682768147693139226131385144124305600
-10924317951502708133366300252 2100174523874646608812321078283083780800000
11102905067378286598821834148 102766043792123584896023279879259944793600
5977542917308755830167335268 707892844221873225431849264868224034626880
7473752914483549434036261028 473899225715509143454715606693908904974080
8035780435302975099466170148 381525423041012458837649309227430863862400
9393442163672100678606531748 139943440049613856300886331912269041440000
-5888336028361924697880034652 1973147605228023825263551170473380507718400
11696514430832244853453155748 226802115451922724526337684042992460352000
21499975564264247573175738148 2289511267418128591584964519579412325590400
6838763072933418093336034228 575190679797495554492350537651821183407280
9803816045414372576290380748 35561825388270878672439514777462008273000
11877018837094236669858699748 262135144602942043429506554581953616200000
10847659739766770405331531748 16547492902237901248943078622458056440000
80314344311987418115113315748 22236868329102533151592725792415107354048000
8632329800962939097271242788 279954987215720846809558260873504481280640
8018581832988236089612899748 384394638245645182761351924235197416640000
11902997803791985059788365348 267191918608614481559475267265898651318400
-8409961870745140600589391452 2076611131678997906611548400232897036428800
1246332719660252139608778148 1344835081839846074653595443577420836569600
11095724033367460925775087268 101057302677210463743346297651079981594880
8626324752575073637453845548 281000743712191897500785779204638878544200
15465321999489650035262636548 969582045247569275666294903370242041216800
8923473159094304095114714948 228470080244788808780255259110244234943200
